 000   119.506
 001   120.979
 002   120.918
 003   120.769
 004   120.584
 005   120.434
 006   120.316
 007   120.214
 008   120.108
 009   120.028
 010   119.95
 011   119.882
 012   119.814
 013   119.764
 014   119.711
 015   119.668
 016   119.621
 017   119.584
 018   119.562
 019   119.546
 020   119.532
 021   119.521
 022   119.519
 023   119.52
 024   119.52
 025   119.519
 026   119.527
 027   119.547
 028   119.563
 029   119.574
 030   119.591
 031   119.606
 032   119.62
 033   119.642
 034   119.673
 035   119.704
 036   119.728
 037   119.748
 038   119.767
 039   119.784
 040   119.804
 041   119.821
 042   119.834
 043   119.85
 044   119.864
 045   119.881
 046   119.893
 047   119.889
 048   119.891
 049   119.897
 050   119.905
 051   119.914
 052   119.924
 053   119.931
 054   119.936
 055   119.944
 056   119.946
 057   119.955
 058   119.957
 059   119.958
 060   119.959
 061   119.958
 062   119.954
 063   119.956
 064   119.95
 065   119.948
 066   119.949
 067   119.951
 068   119.947
 069   119.941
 070   119.938
 071   119.93
 072   119.927
 073   119.922
 074   119.923
 075   119.916
 076   119.911
 077   119.908
 078   119.906
 079   119.907
 080   119.906
 081   119.907
 082   119.903
 083   119.901
 084   119.901
 085   119.9
 086   119.897
 087   119.897
 088   119.895
 089   119.895
 090   119.894
